10151
10162
10152
10163
10153
10164
10154
10165
10155
10166
10156
10167
10157
10168
10158
10169
10159
10170
10160
10171
10161
10251
10252
10351
10356
10352
10357
10353
10358
10354
10359
10355
10360
10451
10453
10452
10454
10455
10551
10557
10552
10558
10553
10559
10554
10560
10555
10561
10556
10562
10651
10652
10751
10851
10853
10852
10854
10951
10954
10952
10955
10953
10956
11051
11151
11153
11152
11154
11251
11253
11252
11351
11352
11551
20151
20156
20152
20157
20153
20158
20154
20159
20155
20160
20251
20351
20354
20352
20355
20353
20551
20554
20552
20555
20553
20556
30151
30156
30152
30157
30153
30158
30154
30159
30155
30160
30251
30253
30252
30254
30351
30358
30352
30359
30353
30360
30354
30361
30355
30362
30356
30363
30357
30451
30452
30651
40151
40157
40152
40158
40153
40159
40154
40160
40155
40161
40156
40251
40254
40252
40255
40253
40351
40353
40352
40451
40453
40452
40551
40554
40552
40555
40553
40651
50151
50158
50152
50159
50153
50160
50154
50161
50155
50162
50156
50163
50157
50251
50252
50351
50353
50352
50451
50455
50452
50456
50453
50457
50454
50458
50551
50554
50552
50555
50553
50751
50753
50752
50754
60151
60157
60152
60158
60153
60159
60154
60160
60155
60161
60156
60251
60256
60252
60257
60253
60258
60254
60259
60255
60260
60351
60353
60352
60354
60551
60553
60552
60554
60651
60652
60751
60756
60752
60757
60753
60758
60754
60759
60755
60951
60954
60952
60955
60953
60956
70151
70152
70251
70254
70252
70255
70253
70256
70351
70354
70352
70355
70353
70451
70651
70653
70652
70654
70851
70951
70954
70952
70955
70953
70956
71051
71054
71052
71055
71053
71056
71151
71153
71152
71251
71255
71252
71256
71253
71257
71254
71351
71356
71352
71357
71353
71358
71354
71359
71355
71451
71453
71452
80151
80160
80152
80161
80153
80162
80154
80163
80155
80164
80156
80165
80157
80166
80158
80167
80159
80168
80251
80258
80252
80259
80253
80260
80254
80261
80255
80262
80256
80263
80257
80264
80265
80351
80355
80352
80356
80353
80357
80354
80358
80451
80454
80452
80455
80453
80551
80557
80552
80558
80553
80559
80554
80560
80555
80561
80556
80562
80651
80653
80652
80654
80751
80754
80752
80755
80753
80851
80853
80852
90151
90155
90152
90156
90153
90157
90154
90158
90551
90651
90655
90652
90656
90653
90657
90654
90851
90852
91151
91153
91152
91154
91451
91452
91651
91951
91953
91952
92051
92054
92052
92055
92053
92056
92251
92451
100151
100155
100152
100156
100153
100157
100154
100251
100253
100252
100254
100351
100355
100352
100356
100353
100357
100354
100358
100451
100456
100452
100457
100453
100458
100454
100459
100455
100551
100553
100552
100651
100654
100652
100655
100653
110151
110158
110152
110159
110153
110160
110154
110161
110155
110162
110156
110163
110157
110251
110253
110252
110254
110351
110353
110352
110354
110451
110455
110452
110456
110453
110457
110454
110551
110553
110552
110554
110651
110654
110652
110655
110653
110656
110751
110755
110752
110756
110753
110757
110754
110851
110853
110852
110951
110956
110952
110957
110953
110958
110954
110959
110955
111051
111054
111052
111055
111053
111151
111156
111152
111157
111153
111158
111154
111159
111155
111160
111251
111252
111351
111354
111352
111355
111353
111356
111451
111453
111452
111551
111552
111651
120151
120154
120152
120155
120153
120251
120252
120351
120451
120452
120551
120554
120552
120555
120553
120651
120751
120753
120752
120754
120851
120852
121051
130151
130155
130152
130156
130153
130157
130154
130251
130252
130351
130355
130352
130356
130353
130357
130354
130451
130453
130452
130454
130551
130552
130651
130656
130652
130657
130653
130658
130654
130659
130655
130851
130852
130951
130952
131051
131053
131052
131054
131151
131152
131351
131354
131352
131355
131353
131451
131455
131452
131456
131453
131457
131454
131458
131551
131552
131651
131653
131652
131751
131753
131752
131951
131952
132251
140151
140158
140152
140159
140153
140160
140154
140161
140155
140162
140156
140163
140157
140164
140251
140255
140252
140256
140253
140257
140254
140258
140351
140355
140352
140356
140353
140357
140354
140358
140451
140453
140454
140452
140455
140551
140555
140552
140556
140553
140557
140554
140651
140654
140652
140655
140653
140751
140752
140851
140853
140852
140854
140951
140953
140952
140954
141051
141052
141251
150151
150155
150152
150156
150153
150157
150154
150158
150351
150354
150352
150355
150353
150356
150451
150454
150452
150455
150453
150751
150754
150752
150755
150753
150756
150756
160151
160159
160152
160160
160153
160161
160154
160162
160155
160163
160156
160164
160157
160165
160158
160166
160251
160252
160351
160451
170151
170170
170152
170171
170153
170172
170154
170173
170155
170174
170156
170175
170157
170176
170158
170177
170159
170178
170160
170179
170161
170180
170162
170181
170163
170182
170164
170183
170165
170184
170166
170185
170167
170186
170168
170187
170169
170166
170170
170186
170154
170177
170171
170180
170161
170169
170168
170172
170153
170178
170158
170181
170174
170155
170165
170157
170184
170151
170162
170152
170164
170156
170176
170159
170179
170160
170183
170163
170185
170175
170251
170254
170252
170255
170253
170256
170351
170355
170352
170356
170353
170357
170354
170451
170453
170452
170454
170551
170552
170751
170753
170752
180151
180160
180152
180161
180153
180162
180154
180163
180155
180164
180156
180165
180157
180166
180158
180167
180159
180168
180251
180253
180252
180254
180451
180551
180553
180552
180651
180652
180751
180755
180752
180756
180753
180757
180754
180758
180851
180855
180852
180856
180853
180857
180854
180951
190151
190155
190152
190156
190153
190157
190154
190158
190251
190256
190252
190257
190253
190258
190254
190259
190255
190351
190353
190352
190451
190452
190551
190553
190552
190651
190653
190652
190751
190753
190752
190851
190853
190852
190854
190951
190952
200151
200152
200251
200351
200352
210151
210156
210152
210157
210153
210158
210154
210159
210155
210160
210251
210254
210252
210255
210253
210351
210353
210352
210354
210451
210454
210452
210455
210453
210551
210553
210552
210554
210651
210653
210652
210751
210752
220151
220157
220152
220158
220153
220159
220154
220155
220160
220156
220161
220251
220254
220252
220255
220253
220351
220355
220352
220356
220353
220357
220354
220358
220451
220454
220452
220455
220453
230151
230155
230152
230156
230153
230157
230154
230251
230253
230252
240151
240154
240152
240155
240153
240156
240351
240352
