10150
10101
10109
10102
10110
10103
10111
10104
10112
10105
10113
10106
10114
10107
10115
10108
10250
10350
10450
10550
10650
10750
10850
10950
11050
11150
11250
11350
11450
11550
20150
20101
20103
20102
20250
20350
20450
20550
20650
20750
20701
20702
30150
30101
30103
30102
30104
30250
30350
30450
30550
30650
30750
40150
40101
40102
40250
40350
40301
40302
40450
40550
40501
40502
40650
50150
50101
50104
50102
50105
50103
50250
50201
50203
50202
50350
50450
50550
50650
50651
50653
50652
50750
60150
60101
60104
60102
60105
60103
60250
60350
60301
60302
60450
60550
60650
60750
60701
60702
60850
60950
61050
70150
70101
70104
70102
70105
70103
70250
70350
70450
70550
70650
70750
70701
70704
70702
70705
70703
70850
70950
70901
70903
70902
70904
71050
71001
71003
71002
71150
71250
71201
71204
71202
71205
71203
71350
71450
71401
71403
71402
80150
80101
80104
80102
80105
80103
80250
80350
80450
80550
80650
80750
80850
90150
90101
90109
90102
90110
90103
90111
90104
90112
90105
90113
90106
90114
90107
90115
90108
90250
90350
90450
90550
90650
90601
90605
90602
90606
90603
90607
90604
90608
90750
90701
90703
90702
90850
90950
91050
91001
91006
91002
91007
91003
91008
91004
91009
91005
91051
91053
91052
91054
91150
91250
91350
91450
91650
91601
91602
91850
91950
91901
91904
91902
91905
91903
92050
92150
92250
92350
92450
92550
92750
92850
100150
100101
100104
100102
100105
100103
100250
100201
100202
100350
100301
100302
100450
100401
100402
100550
100650
110150
110101
110104
110102
110105
110103
110106
110250
110201
110203
110202
110350
110301
110302
110450
110550
110650
110750
110850
110801
110802
110950
110901
110902
111050
111150
111250
111350
111450
111550
111650
120150
120101
120103
120102
120104
120250
120350
120450
120550
120501
120506
120502
120507
120503
120508
120504
120509
120505
120510
120650
120750
120701
120702
120850
120801
120803
120802
120950
121050
121001
121003
121002
121150
121101
121103
121102
121250
121350
130150
130101
130106
130102
130107
130103
130108
130104
130109
130105
130250
130350
130301
130302
130450
130401
130402
130550
130650
130601
130603
130602
130750
130850
130801
130804
130802
130805
130803
130950
130901
130904
130902
130905
130903
131050
131150
131250
131350
131301
131302
131450
131401
131402
131550
131650
131750
131850
131950
132050
132150
132250
140150
140250
140201
140202
140350
140450
140550
140650
140750
140850
140950
141050
141150
141250
150150
150350
150450
150750
150950
160150
160250
160350
160450
170150
170101
170117
170102
170118
170103
170119
170104
170120
170105
170121
170106
170122
170107
170123
170108
170124
170109
170125
170110
170126
170111
170127
170112
170128
170113
170129
170114
170130
170115
170131
170116
170132
170108
170126
170111
170132
170118
170107
170121
170109
170122
170116
170128
170119
170131
170103
170125
170113
170130
170120
170101
170117
170104
170123
170112
170127
170114
170129
170115
170102
170110
170105
170124
170106
170250
170201
170203
170202
170350
170450
170550
170501
170503
170502
170504
170750
170850
170950
180150
180101
180106
180102
180107
180103
180108
180104
180109
180105
180250
180350
180450
180550
180650
180750
180701
180702
180850
180801
180802
180950
190150
190101
190102
190250
190350
190450
190550
190650
190750
190850
190950
200150
200250
200350
210150
210250
210350
210450
210550
210650
210750
220150
220250
220350
220450
230150
230101
230105
230102
230106
230103
230107
230104
230250
240150
240101
240102
240250
240350
240301
240303
240302
240304
900151
900351
900451
900551
900651
900751
900851
